|        489 | 440       |
|        490 | 434       |
|        491 | 465       |
|        492 | 444       |
|        496 | 453       |
|        493 | 448       |
|        494 | 482       |
|        495 | 458       |
|        497 | 455       |
|        498 | 431       |
|        499 | 485       |
|        500 | 487       |
|            | 469       |
|            | 459       |
|            | 464       |
|            | 476       |
|            | 462       |
|            | 471       |
|            | 460       |
|            | 445       |
|            | 488       |
|            | 473       |
|            | 430       |
|            | 479       |
|            | 433       |
|            | 484       |
|            | 461       |
|            | 436       |
|            | 480       |
|            | 446       |
|            | 452       |
|            | 443       |
|            | 454       |
|            | 472       |
|            | 475       |
|            | 442       |
|            | 451       |
|            | 470       |
|            | 438       |
|            | 486       |
|            | 457       |
|            | 456       |
|            | 435       |
|            | 474       |
|            | 432       |
|            | 437       |
|            | 483       |
|            | 449       |
|            | 463       |
|            | 478       |
|            | 450       |
|            | 441       |
|            | 477       |
|            | 447       |
|            | 481       |
|            | 468       |
|            | 467       |
|            | 439       |
|            | 466       |
